# 1957
53250
1699869
835594
1073179
1163290
1138714
1368089
1781782
266250
1257500
1609738
1884168
589844
1163278
1445938
385059
45095
1691699
1220665
1359928
753702
372776
1626167
462901
1830953
1671201
1019958
352319
1490986
1314857
1556520
1187923
139328
114754
1024075
1151062
368716
1364061
1773650
1060955
589895
307287
20565
1155143
1318978
426077
1617989
311387
807023
520292
1749107
774241
1077371
1163388
1388644
1757291
1134692
1450080
102521
1716326
389241
1572966
1777821
667776
1065114
1192088
73866
659590
155791
61581
1953938
1945741
1462406
1151106
1134722
852122
1659022
520336
1491073
1585281
1368206
1040532
811152
213150
397479
1028270
1904820
868519
1511612
1323193
1261757
1343675
1032380
864441
622783
1216677
37048
712883
1872038
557235
1446102
803021
1773784
94408
1675474
704705
1155292
299210
164048
811225
405715
1769676
1933511
483547
790766
1712377
336098
1716467
1515770
1360123
295156
246003
1446117
1769704
1827054
1831150
1290469
635121
155899
1143021
1945885
86275
213255
1028361
1171734
1446161
1884443
1143065
1335580
221448
418058
549145
28948
520464
1024279
360733
1110281
1949959
1405193
282916
1438005
643371
164129
1077555
827688
1737023
1122612
1769789
1163574
1265972
733484
373039
991522
254253
1282365
635193
1663277
1147172
1880361
1745197
1229097
340280
1913123
1560873
839987
1831256
356678
1507668
377153
270659
1024327
983367
1425758
762183
135503
1597768
561498
1749320
545115
1163589
364880
1388866
1220938
147802
254298
1605956
1454410
270681
1634631
344416
1163636
1896821
426346
1769846
389483
303478
1298785
639354
1110372
1642863
1540463
1270127
1708443
1642907
950666
967051
315778
819594
729484
1880464
1552775
1884557
184724
438673
663980
250277
12710
1384882
1864117
283053
1417657
541093
836002
389558
1585625
1675738
1094100
995786
1307103
1929682
1409477
360916
1700299
94675
1171911
127447
926169
1204680
561621
373221
70115
1851899
557551
1888756
1688051
946659
786914
373227
827902
1020412
1069539
954874
971258
1135077
1163751
1360364
258559
848369
1397268
872975
483844
479748
1163800
1724947
1942039
1307165
643609
1602060
889369
356880
451088
864794
1143307
1671686
1204787
836142
344608
1491505
1827378
635424
1815089
639527
438825
1344038
1303073
1585697
1757734
1389141
954959
283202
598592
705089
397896
1954380
1253957
594519
852562
1020526
152160
971373
856681
565869
33382
1913466
41581
1229436
1253987
1659498
1163876
701040
148089
1286766
82559
1196690
1323669
381574
1323664
168581
1405597
1708689
758400
1847953
656024
1110660
1192581
152218
627347
1352335
1929856
1655428
184993
1159861
426658
750243
1598130
1233593
1958582
1856169
553663
1622688
1209003
1319597
766642
1479336
160444
549558
660170
1077968
1258193
819913
1602257
275150
1127131
963294
275153
1389250
1200843
1340110
1364732
1340152
74481
561912
905976
615166
1598191
1819363
1069802
1041140
1245970
262917
1565460
1274647
1708831
1778451
1659664
1954577
672519
885507
94991
1950468
1786625
1921798
709393
1274632
951059
664363
512801
1708861
201515
1790771
62249
1119034
729914
1241891
1483557
131895
430899
992057
942904
262973
49977
1737504
1757991
1958690
1028940
1246039
1373011
516941
516959
299869
1524557
1901382
1786692
1643385
1549174
1639292
361315
1327987
484203
873313
1893234
963454
1790825
9078
123768
787318
1950560
304006
1078165
1909659
349068
308109
869255
1700759
1508231
762779
119699
570268
770972
1495951
1274766
762793
1491893
1852344
189354
1106875
1700789
353195
1069984
1704874
1823663
598974
537520
1643425
1962973
459718
680905
132036
58313
533442
1745876
1700823
1536984
1135582
222162
336852
1668043
963549
521172
791513
1446849
1422274
951253
766933
1946623
1528820
1692669
1696757
291818
99316
222197
1676263
1770468
816115
62464
594954
1147924
197636
1152025
631810
910338
300053
885788
1860616
1041429
967698
578601
1610810
455715
590892
1614896
386095
1119290
1934387
1811490
644147
734263
926770
988210
1872991
1655898
369729
1795154
1188955
1799248
472139
140367
848961
713796
1332315
91216
1791053
1647681
369757
263263
1733701
218211
1516663
1021037
1934462
50276
742511
91236
476264
1487975
1430628
365680
1586286
849019
58487
550000
906357
742512
1209449
599154
898160
1770596
140413
197762
1848478
939149
1557652
971914
1184919
197765
1922203
1221781
398478
1361053
1107097
169099
1246367
140428
1754260
1332378
1299587
582811
1086600
1938566
1295503
1512587
1320072
246940
1496246
754851
1164473
1156280
455852
881830
726203
1254561
386224
292028
435389
1275048
1094829
1287341
13502
824527
1397969
406720
1725660
1500380
1905879
914627
1017051
554194
734416
1172684
1557706
541930
902382
799977
1762544
992481
1881330
1176800
1451237
570619
1090789
1803502
673023
1660140
476401
54520
1529071
128251
308472
1463531
1271057
1766680
402692
996620
1185046
1172756
574735
578816
636160
1385756
541957
103696
1897742
705816
210193
152855
283923
1463553
1414402
1606912
1651973
1070388
570669
1045801
1430845
554274
1336632
402731
1828149
1688886
1824042
1918254
111924
1377571
177467
369980
546120
9537
1160531
623947
1221974
578893
1443165
1693014
734555
193873
873817
1582413
288082
1246538
427359
1480010
1372
1209679
1332598
1877368
1906042
796004
1455484
1951094
1385828
615802
1754478
1815919
1697133
1066341
165240
1500524
30075
243064
1807719
865649
460155
1455467
50559
578935
599433
1013129
58762
1406366
5517
1349017
550277
1328538
349578
1144192
972189
427409
1160585
1033622
497051
1791365
1738117
1140149
1881528
1402288
1525169
628142
1631679
1373619
1512894
1926583
1701302
697765
1095073
1283495
1324449
787893
1906141
1693146
337350
480706
1885657
1451472
1119707
1185247
1705428
1947084
538074
46550
1459649
382428
587218
972243
9695
755179
21984
1566196
1119735
1258983
144888
800243
288262
235008
13828
1123865
1127965
845313
853504
132621
841241
566813
153109
787995
362002
198171
976402
1508874
407067
562732
910891
226856
259631
99889
1627689
1238560
1750568
1197607
1644065
1369647
30269
779829
185917
1828441
1877592
792137
1394256
517710
1074783
923230
1488448
1177160
1709635
357980
194148
1934966
517740
616059
1947241
1635938
517757
1668706
1578595
599688
1799834
1418897
75399
730764
738946
919171
1734292
263819
1644182
1681033
489109
13974
67226
362137
13980
1496714
1152653
882348
1259188
1173183
517808
575153
1029813
63165
1480361
1394391
173761
1799903
1083093
1541855
1693385
1214148
136922
34528
1767163
268012
1181435
407276
1267455
616165
1263359
882428
1947375
1734369
1513239
808718
1128210
1586973
1443611
1554202
1574678
513800
1853196
1058567
1726214
1824518
759595
1054514
1558322
161575
816935
1316665
1062719
575288
751422
1468192
1341218
866106
1111849
1677093
390968
747338
444229
370496
1472348
1312607
587589
448328
1693526
956225
657241
1009499
1673039
1697602
1963840
1509194
5984
300900
812904
1550195
845674
51047
739180
1439613
128872
1288056
309103
1742710
501611
1156962
1742703
124790
337791
509819
571272
1062801
554880
812928
1841042
182157
845724
731038
1570690
1505152
1378179
1451917
202655
18332
1664902
1771451
460709
595884
706476
890788
190376
1472443
714660
694201
1185703
653232
985013
911287
432058
1410984
1623973
1869729
1271725
1529768
657354
1361875
833477
907207
1124318
997341
931804
1017820
739295
612319
1193924
1763267
1853383
1681349
800720
1394673
264162
665580
1021928
333805
935910
1939446
1681397
1222626
59377
727039
124917
903156
694256
616437
370683
1583078
71682
1173525
374786
1890331
202762
100363
837633
718855
1656841
555033
1255426
1882127
399379
1476608
808981
1619972
1005585
878636
1079346
305191
825384
1189947
1251384
1853490
751674
972860
485428
1615915
1800232
407605
735295
292915
1882155
1849387
362557
1415215
219192
534581
321594
1239123
641089
1734739
1661011
698459
1448004
1067075
677977
911451
1128518
813142
1357903
1751110
993391
596075
1398898
395361
26729
329838
1362041
1017954
1484920
1841267
1775732
821368
882808
1710188
1321069
96379
678006
362616
51326
1439892
723082
1288345
14475
39056
313494
1267850
100509
1443979
1685638
219298
407716
952489
247987
10418
723128
1743010
1349804
1231016
1947814
1599651
288952
121027
874702
571597
338124
1603797
1644759
911583
47316
1509581
612564
649431
1927363
424153
358618
538857
1517814
1321203
940262
1075450
1874166
800995
440553
1243362
1390817
1874145
1935584
1079533
698635
141571
1878302
1210651
764160
1345816
743685
1005853
1943823
30995
432402
321809
1497347
1235210
559379
1325366
698669
330029
6441
1800497
403764
1734958
248127
1497386
1730854
227647
624950
1505577
1870175
1915227
764227
1878358
1702229
1194307
1493316
1022298
1640769
428380
1501516
399706
633173
158044
63838
1837437
194912
706921
567660
199013
1194360
1034596
510312
342378
1878387
924030
1554790
1071459
1272167
149879
686463
1296741
1108326
1452398
817551
1956248
309646
289166
1694100
522647
1497478
149904
1579402
915870
321937
698780
240026
1718656
117147
682390
215459
764335
1903032
76199
108971
1935792
1264035
547259
1620396
866747
678332
899514
584113
1259945
412088
424376
747956
1673688
1763800
1026509
801230
1116626
518594
1808854
1513923
1857992
391633
940504
1030616
1763778
752082
166361
1550793
1059278
1157616
1202675
977379
350711
1907177
1444332
1321448
1923552
1255955
1464854
268807
1247760
1165845
723471
1264150
195079
588288
1935892
190984
1341978
1194524
936449
1509912
260626
412183
1174018
1796614
1120783
920104
1342012
727587
174635
1874480
1960496
1440314
1444409
424502
1239590
1128999
1940011
477744
1079848
1534510
1739296
1567274
1813030
1391147
1780315
1456727
141891
1387092
1165904
1116754
1157717
678478
801352
817737
1628765
1378909
1514079
117323
1927754
289363
281182
445020
518747
1186419
1600124
1374842
1038945
1075839
125553
10865
842362
903796
989813
1727072
1874528
367236
1919643
748161
1288856
1190558
1661588
1018497
875165
764570
1698443
219792
703135
1342083
428702
440990
608916
1153678
80545
1493695
1927863
608935
916131
383658
1632938
768690
1088169
1804962
326334
1165997
998064
1608409
1051347
576203
568000
981698
1805014
551621
1678038
1755861
1071808
613081
801501
596696
764632
768735
162516
805595
1407692
424668
461529
1362635
1542903
1596153
1723129
1329905
1874676
47849
944868
1805044
1067745
68341
1141478
1649381
584436
1121005
858866
1751835
1919768
736012
1870619
1227541
1645329
969472
39696
1501958
731930
1035035
1862410
1235721
1260339
1907518
1370935
822057
1743679
1395504
838443
236332
850748
469811
301872
1162023
1116967
1329965
109370
1751847
1194797
72510
1428313
527175
1723221
1825610
424787
97108
1674063
1440588
1760065
277336
35682
645995
871279
576364
1829759
1915768
1870714
318316
1772402
723808
244590
387944
1440635
1067872
1801065
1153893
957303
625524
1780634
1067926
478094
658308
576410
1538948
768925
1117104
1260470
1694643
453547
1731509
1727403
1866665
1031096
572351
1510318
1117098
1104814
1231824
1305553
117698
465860
1924057
1313744
367552
666572
1924058
916421
494542
1313754
1330139
1235905
1825742
1608640
883668
719850
1305590
1821692
625636
1768437
1068002
650239
89081
1432559
396281
502791
1354772
35842
691214
822277
613378
441354
719879
551960
1158144
1219584
314391
1416193
1604609
1829890
1104906
388123
1719301
564268
1944633
949290
818217
1133627
1752113
1752110
1469472
1629218
126013
1260590
457796
97347
531533
990281
1023049
539726
810059
990280
646209
105546
15439
629848
834654
965723
1657935
642143
511068
1846343
1072207
1027152
167005
1940604
1428599
953451
1039456
1698934
207985
482417
1793132
105595
1363048
719991
44161
1461396
1555604
1178772
1006728
1756310
449684
253079
142490
486558
941205
1498250
535721
1006765
1395894
117926
347298
1559743
1060026
1260728
380073
494763
1752244
887998
1375394
183477
904371
1596583
1346773
236738
748745
253126
1207515
822470
1850583
1236191
1490119
203988
515288
52448
1264882
584937
703720
1936638
1944830
519395
490720
347362
154859
1428732
851175
1039586
1023202
724197
1490169
761081
1826019
1187050
412927
343295
662773
240897
126213
1834269
376067
1117462
1400091
302347
1838355
642310
376085
916761
1355011
437521
1891588
1162507
642324
384280
1023249
662826
703785
1498418
1400127
1760565
884025
1592621
1703212
1400099
1858853
191803
1821984
1051948
384313
1695065
130372
630095
666946
859460
1813842
413004
1580372
1006914
482633
1527128
298315
1764682
1150274
265552
638301
994649
1666369
1342798
1744196
732501
896367
1379709
73069
220531
1301857
1027451
621948
433534
482686
1875298
1465750
159106
605580
1961368
396684
1478045
830850
1314203
1301899
769425
662929
163228
560534
1871292
1707451
408997
1215924
564655
294307
925095
744866
953764
683425
1744310
1883564
134578
1461669
814521
904632
294322
1097128
1133992
1596836
1465768
1412522
77249
1838552
1768927
1842649
1646047
769479
970177
1789387
839128
1125829
1707471
1297867
1306057
646613
277978
798188
1265138
486885
1498609
1465855
1273337
1265123
519668
490995
183803
1584611
1490411
908787
486904
724490
1293842
1392150
1945114
1744402
585218
1035780
429576
749083
851487
1244679
1101321
724497
294436
1146421
1879610
1805885
1482302
32297
622115
998948
1556026
1498663
417332
773694
683581
671282
1326637
839221
1605158
151101
1080912
1388118
278081
523852
556633
1646152
1719873
1388105
1584708
536148
1175116
77408
101987
495205
921194
364137
314994
396912
519792
11900
675447
1945184
700021
441991
1408662
392834
1887892
1736338
1875606
589445
1240735
679557
601734
1064583
1568398
966292
1699462
1572488
683691
20130
614049
896677
437935
765600
1892016
1232574
298667
1203874
331444
1752747
1076909
323267
622275
1556184
413398
1093312
3794
814809
114390
1560271
818901
7898
368351
278238
863955
1289971
1433332
1412849
48871
347885
1220347
1306361
274164
618232
1363693
1060587
519930
1949470
986888
1916695
220946
1625868
1359617
245525
1511169
28440
1085196
122653
1224463
474905
1478408
48927
986896
1244979
1613625
1093426
372513
1097525
392995
909094
1437497
1130300
1048354
1326905
352042
843581
536381
1748783
454448
1896235
163637
1716002
1830691
925494
1646371
1863457
1281837
814898
1859362
233282
1007433
184133
343887
1224537
917315
417622
1113924
872280
1941317
417631
1961793
167778
1265523
1822587
69474
786287
151399
1498992
1077114
733030
1711991
618343
536441
843640
794490
1015673
1580910
225140
1347438
376696
380794
876431
1453971
233354
151432
1294239
257933
1367963
1134494
8082
434076
28571
1556363
1630084
782231
1093518
1888189
1671096
1441716
1871806
991148
819110
1138618
1830839
610214
1171361
1867693
155568
1511333
212916
786355
1540014
1413036
311230
1314775
1519583
315341
1191872
1081283
118738
1253312
274387
163806
810961
1937344
1712071
28638
806867
995311
389093
417767
1585146
966637
1679356
356322
1535998
344047
1495014
368627
806900
331769
94204
1331178
