# 1090
630795
389126
1011713
159756
843804
286740
49182
262176
749612
905255
602147
561187
368683
618534
1044543
700475
1069095
446522
409657
499780
245824
139332
286797
663616
1081436
626759
987231
606301
946263
245849
438369
987239
954471
901237
1040501
901238
733300
401529
696456
352397
41097
823430
782470
1032348
8341
794772
295064
614548
41121
762031
200869
962750
364751
409800
618712
426197
475345
766172
970964
1056972
786668
770283
213218
1024234
524527
708832
205038
311543
909557
303358
508166
368902
1036556
413963
8465
422161
381215
880912
172319
1069327
520485
512292
319791
114989
291114
364842
934205
1061156
459057
737586
680264
8519
229706
459083
377163
975169
237905
749919
946523
606571
512366
823654
143728
459124
622972
528757
659829
323968
242057
24972
250254
844186
455057
586128
799120
741781
876973
450983
729514
815527
594338
160177
254388
623038
143803
860596
713140
860594
78273
184778
426447
913857
831939
287188
696793
762322
688619
680416
217591
541183
901644
311823
528902
377366
578064
586263
619049
688683
873002
115251
197174
700979
148038
934472
582223
78406
795200
963166
840274
828013
66144
655971
496245
623226
291453
914057
86669
426651
17055
123550
168615
82596
836267
656033
230061
545446
684730
602810
688829
1057448
725681
336575
111297
795342
316097
152266
1028804
975554
217811
1028830
242390
156375
90836
258781
615127
1020653
86760
463597
750309
439025
512767
717552
13054
590601
955147
480001
258820
643841
750336
258830
205581
553756
1032984
291608
885520
394008
226083
668456
914223
1016615
17193
676640
410422
983867
291634
201529
164665
504636
377668
615246
258891
1074010
103242
865091
131926
1008472
1024856
533330
332635
627566
832357
447338
549758
1008502
406396
201592
590728
312192
209801
369545
66444
217996
889756
148369
99220
62361
181149
1045421
721838
115626
234422
480176
934833
865226
5064
447434
619461
967619
701380
402390
160721
148445
435174
1057778
205792
451566
70639
865269
427005
586740
115710
136203
693252
959516
545820
521234
373776
721949
390163
361504
99367
1012776
263213
873511
996386
209968
697406
853040
611400
406597
300096
517186
664652
74822
971840
488533
439390
246873
431196
435293
742508
21612
803938
836725
435334
156802
783498
1057937
9354
644229
218263
517265
205976
386206
574612
17566
976017
615593
369827
9382
656556
787620
582817
124072
652451
758974
46261
165044
378034
283827
279736
541879
959694
881869
967880
685274
939230
46294
62682
726231
763094
111839
984301
705765
1008888
328958
410875
591095
29951
472326
750854
29966
763163
918810
152855
169241
791851
472367
869670
1074494
853304
177467
165182
603445
451897
1033548
70980
435523
546126
525632
378188
320841
759109
775515
894301
234838
578896
66909
873809
1025363
337240
46429
1008977
456061
517497
910707
587148
128399
779672
869790
910744
124328
71089
157111
193983
157121
935362
968159
95696
341460
611805
316880
439763
325081
136668
62949
1017316
525799
91632
767481
517619
820749
775694
460297
738840
124444
1037869
706082
71224
9785
472635
312890
177731
329284
276038
378433
824905
415296
17991
665179
42578
734813
460391
235106
779881
333410
194154
251501
591481
538235
132725
448124
759408
218748
161410
300679
509607
251554
1050290
386723
399020
390825
1062589
546469
562854
583354
788159
575167
628407
276155
186052
583375
984771
571079
79569
1070788
1050308
22234
808684
1074929
403175
612074
313063
939754
984807
825063
939769
14073
128764
972556
907017
997127
706306
202505
694016
755457
788226
67342
378645
1009439
1001244
325404
358168
456472
739114
1009448
964391
653088
415533
83759
509749
5944
984881
599882
845647
472896
788291
935766
1062735
243553
563040
1075064
776038
255858
751485
591729
722803
366460
804727
1038192
1005448
1025926
542595
305035
800670
280470
92070
997288
1046438
1079230
358333
968628
575415
214976
1087445
604111
862155
796637
456659
706527
174043
1066995
1062900
190438
133095
296940
878560
841726
1058791
776178
497656
964639
919581
497684
804888
653343
993298
190500
210981
6184
677922
628772
448564
854079
915519
620607
10296
559159
620608
186444
677957
915545
710751
301148
645201
428124
858216
469088
989286
862311
182380
780415
493691
125058
485519
915585
956545
256147
424087
125077
71837
194720
805039
1071292
166060
481463
387254
477375
247992
1026227
473283
415957
563420
866518
678115
571619
379112
1087712
923902
116981
284927
334092
964868
776453
805123
170267
809260
801068
629034
264492
31019
469289
928052
215357
117054
489796
698694
735558
584007
80208
997725
911707
743763
936279
670035
854353
690519
1063280
325990
1005933
584044
719212
956773
260463
600423
6512
346495
510329
301452
530822
1083828
850336
194989
244149
399813
858569
1079771
68047
711135
514512
981460
1067507
915947
842212
715235
39403
264695
772595
1001974
199160
338426
236034
862725
211467
178697
629253
162318
530951
39452
514598
268838
743976
383526
236074
854566
158259
625210
682559
105016
633399
576074
584267
453187
125511
879179
309834
563800
404053
10836
186968
703057
993874
494176
744034
260719
252524
305771
219762
23160
989813
502397
862833
215683
526986
469634
84619
277146
105118
707243
846500
629408
354984
719542
469699
957151
961247
203472
215769
1002194
469722
998097
793298
56037
842474
547567
932578
211692
989940
318203
1075991
752389
994076
916251
256788
985876
56095
162597
236331
64298
842552
68404
432944
195387
969524
781135
215887
842588
838484
1047380
478042
826229
1080171
146297
236408
101247
310138
441222
1018767
1014667
543631
985988
478092
383880
60307
1014681
248730
965523
441254
846765
535470
867238
207788
170932
306111
617417
306126
416735
592851
695255
953324
769007
502753
19431
457706
904161
891889
859150
363533
961543
621573
576518
592921
330773
564250
80921
236569
166936
764970
625708
252971
154669
449584
105533
982065
113733
965704
748608
789570
52305
1006681
969813
7260
302169
236642
1035371
380001
384108
1068156
158828
375925
257138
207991
93302
257147
113786
642189
879753
179336
720004
126097
289951
134303
789677
1002669
998569
216232
478390
1060006
335027
380100
109763
269511
605391
1047748
388297
830657
212174
670916
986304
605403
859359
621791
163034
650478
462062
785639
380139
920830
929021
822522
72954
556276
543990
376071
23814
101646
245004
941342
224531
470294
793882
871707
257301
122137
879894
978210
609575
372021
142643
1076520
118074
957749
748891
363857
470366
187737
64865
1064308
236900
949606
728417
388456
1019263
1006962
437625
183680
368002
171402
359819
314773
896411
384411
908717
1052082
208299
335278
384425
920994
1023395
769446
925088
499123
662990
77254
859612
404947
363987
556511
81374
794092
52708
85481
191976
253423
843235
863757
1043982
884234
1003010
798211
40473
1084937
192027
314918
581162
511521
937509
450090
470568
581178
958011
568893
147006
294464
110151
495169
597572
396873
486996
659037
421471
245337
204385
314979
1060473
1044069
470634
32367
786042
40561
355955
89720
32381
290426
364165
1015435
331393
73351
704140
331404
589441
974468
421514
417428
794262
949906
433836
954018
167602
1015483
532145
1064665
130764
536262
397015
761564
691933
384733
323293
949999
270051
966370
122606
569082
769779
360191
630514
106238
417541
925453
192262
679695
1044227
155404
417555
368400
679708
687901
40739
470820
917284
683813
724798
905018
429885
1044274
606024
835405
986955
974666
646976
331599
630594
8013
1056606
544601
814931
823123
315234
864100
106346
139118
106353
229250
823183
229259
221066
171924
925592
606096
839570
827308
569256
1015723
36776
212910
28591
343990
667570
94138
360382
352197
1077210
933827
757702
892864
413653
1052611
1056711
106456
872402
40931
204768
999403
356341
499700
442354
249847
733180
16377
