# 1377
987143
1163293
458773
1265665
131092
536607
835611
184347
172057
53278
622638
1335358
995391
122930
516145
1232938
598071
622647
536649
565322
90179
835663
753741
122952
880710
917570
278601
655441
36956
1187916
581736
28768
1233014
143463
24687
524409
524411
254064
606333
696457
569484
475264
192662
626844
49302
1216645
217240
118941
159907
786607
573612
200871
786596
385197
864423
667834
1142945
172214
590015
196795
82109
307386
786636
1327317
1171669
786625
438486
1081539
12499
1368263
16603
729303
1339593
1229004
336103
1077491
151783
291043
827620
147695
880893
1061092
176375
536829
1073382
450815
831734
1163498
741621
413944
1237229
1032462
999683
184588
868611
1143041
733464
1151241
33055
1069365
389411
897318
82222
569656
12593
586046
196923
1302826
500028
950606
1192274
356672
680259
651589
1081694
938335
1368385
49495
176474
721238
987499
1257845
442734
455020
127338
1200480
1249633
754046
217467
700809
1192345
1294744
1360263
487846
364962
844196
577976
516528
463280
659890
1331625
111038
950731
1184218
1196506
319951
414157
598469
754119
78285
516554
979392
250316
1274305
528859
602589
553438
885210
594384
901590
1135053
1159630
897512
229864
1249791
493
1356282
115184
651773
532978
688624
606710
299525
1098260
786953
668172
246283
803328
643609
995871
455189
844308
995862
877076
889388
336422
66084
1057334
1303097
180782
717350
549412
1057312
1180198
942646
1110569
1258029
823859
78404
270932
787038
311902
1098316
668247
434777
442982
62053
668256
537188
819811
4721
754297
641
639628
369283
823941
1061508
1106564
971413
627349
324250
815786
914090
484012
762555
647865
717490
938678
17083
422584
377542
1348304
721613
1114838
897733
1336025
1155807
1012447
1188544
1237697
819931
664299
529131
1110772
525037
1000168
1168120
1049342
172786
729851
164593
1127142
475897
545547
291591
1180441
1110784
705306
1012507
611100
770834
996116
164636
1360690
1086264
897830
885566
291635
856885
332601
1176401
209729
1221466
734018
1045318
922437
738117
246611
1090374
881499
1340238
136031
164718
131948
156525
1172322
152439
70516
815988
852853
988018
1196909
988016
226178
271233
566158
979844
1029021
1303424
1213316
1139590
1041327
50082
1012651
148398
275370
328618
467888
123837
558025
172999
713679
222156
967644
660441
201680
1315779
910292
889808
406488
304103
291809
861157
742370
820198
693242
271358
959503
914441
185350
1172503
300035
1356828
787485
697360
889903
1152054
46121
66603
238639
1365048
193584
390198
898110
1053732
762940
672844
1340498
914503
562256
304222
840791
1217609
410726
1287286
894052
595043
377961
578660
660583
947296
58479
750717
881780
513148
1000564
353401
1066093
246909
1266797
1041546
750722
218250
205967
509065
853148
836766
476309
177297
1012884
1336456
1098895
54433
464038
87207
582816
1291452
873634
754852
156848
17588
795834
824507
1143976
812215
1098927
1352916
87235
566476
939211
926921
1164504
1213656
652483
1258693
1062089
644310
1115380
107748
885988
517355
333032
992506
898299
5366
808181
210173
230662
247044
865540
513303
984349
759070
9494
345371
337179
1033489
427301
951590
103723
505133
931107
1189158
931131
918837
349498
1041742
243008
705871
50501
46410
1258845
779588
267605
99667
1045852
1180997
894295
595282
1193294
795985
607575
75104
251243
836960
5490
742776
1205604
46455
1377685
804237
1344913
169351
337292
304525
783751
521611
234894
1144223
476552
583067
1164674
1193345
320919
943514
370079
370073
5540
1213881
1070523
1271230
738726
484791
226741
165304
1029583
366023
955846
832965
1029571
587206
1140163
103893
869842
1263090
1091058
853480
1373668
984575
177649
1041916
5620
513521
243194
701936
620019
947696
140802
34309
886273
161294
812545
149007
1308162
1144328
157227
869921
951842
443947
1001023
636474
570942
267827
443966
403004
1250860
927311
42567
83535
849498
1300040
394840
665192
947818
1152617
337534
566901
300678
280204
956036
558723
42636
525957
288393
145037
792220
1275526
325265
472735
624272
1115784
1050254
300709
1013413
587427
997053
1099435
1210031
931533
849606
1177308
1066718
255699
640730
38616
251623
136932
726755
300780
755425
1349368
239340
382705
919291
796410
718579
706288
1107695
677641
837386
1021727
390932
476948
1369859
993045
874257
120609
1156917
780066
554787
464682
804643
632633
288560
1222439
190260
1242922
22330
333630
104250
657206
522042
1283925
22343
366414
1091422
403273
1312589
239454
1341259
1001326
259936
1034087
341868
1156984
943970
1263466
526198
546701
169860
657293
1214357
264076
186250
190347
481172
1079173
1361794
354204
296856
722836
1263542
927651
436158
907191
694198
571316
63422
415685
1206230
427968
1243098
301000
993247
427990
907228
1288128
1128388
739292
210906
1046485
903122
411617
681959
792546
276468
788477
972792
698364
940021
235516
1267731
1103897
157705
1259523
63505
538649
1050626
518163
223262
1054769
436261
501794
30757
1308731
940069
84017
395315
1022009
321586
47177
661571
1140826
51279
333910
858201
129112
198745
1132619
395357
1230926
329816
653399
796782
1325174
1001581
264289
1280122
1071227
1177724
796770
825468
1103973
678012
895098
182392
686196
170114
293004
850053
206984
460936
587928
612505
1325190
1067139
1202309
6297
510119
342183
895147
882878
907444
1202390
821450
936135
1059035
301257
1079488
92368
837855
735455
407775
1325262
870614
473308
125149
354523
288999
1231096
1300732
739556
321780
1042685
104692
633086
395518
1358061
1214696
481532
694518
1128687
657678
641293
919816
702722
1169695
1206557
1210626
1100041
604432
1366280
1362184
809261
530732
1075511
84262
956710
674080
891170
751929
80181
391473
981305
1329454
1067309
178492
862543
190785
1358162
706880
47437
1268062
198989
559431
1337668
522582
649564
1046874
1194309
305501
1116488
1337677
121184
350561
1206648
67946
51565
1309052
448883
1354092
919923
833935
248198
903560
387471
911744
268681
1268125
1255810
403858
1337730
579988
674197
1231282
88491
84407
633279
604592
428476
2492
502200
182722
190914
371143
1366487
1210836
895434
1161688
977349
735680
657884
739795
322014
457176
780779
51680
879085
653798
1296866
469493
809471
1022457
305660
1329645
1133037
793102
690702
956939
846342
264718
838145
764421
383511
862747
264733
956949
817681
1358391
391712
1276469
1174073
416301
506411
420405
813620
47678
195138
1305170
1043019
858696
674383
1145430
686658
68175
1141315
899678
858714
1235531
1186376
1112653
805457
879213
182886
1297014
47732
363120
772732
563839
481904
952950
256633
1047154
43648
80512
539276
346755
1284767
625286
486038
383632
944792
252575
584343
502435
490146
1243828
658080
682661
694949
502453
39603
1165988
363197
1235625
944816
1145518
326341
359104
539341
789195
162507
1133275
711360
969438
203474
1292993
1067718
1288907
510683
563924
1239794
420580
908014
506595
1100535
895716
1301241
1329903
1231598
1112813
617206
920335
1141527
613124
543494
1231645
150291
1030942
133911
211733
776988
97052
752405
1379125
408357
670497
1325880
584485
539429
604966
240428
777017
600892
903989
1059627
891696
826184
752450
641863
449352
1071936
1096514
682840
158544
609114
539472
1178445
1117004
1108849
76642
342901
97136
338807
387954
912244
150396
1178514
748430
1047431
1002371
158607
15249
359319
56213
84887
531359
150426
1002390
879510
957329
809900
76707
519076
359328
760739
682914
150443
613282
912318
555964
654268
474044
338885
543690
605130
1321948
93133
1326023
338897
568284
347099
252899
990190
527338
1108985
740325
191481
1141738
1158124
232450
1092632
1014787
777243
764954
1195008
306199
244759
502802
580626
490525
1088525
1272844
244775
166948
125992
949287
855079
732223
1379372
773192
1006668
7240
64590
470103
1043545
756828
982103
1334350
191576
699472
232536
433255
48226
437346
871530
420971
1174655
306282
666744
1371244
1223789
965773
232582
736397
1244314
1117337
679044
1051776
687259
11409
756893
3223
1191049
1277069
597143
1379466
486567
1322165
711849
445603
1166518
1305786
867495
965821
752821
429253
617679
134340
113865
441551
314574
1301720
392401
1076422
605406
343260
187609
445659
986320
892141
429284
60642
830703
1273080
908539
904459
773389
1183000
929029
867587
683290
273680
1264901
486687
245016
363801
273691
417049
703784
580909
449827
589102
126257
580921
912690
1355094
1346909
1215832
556356
1060191
73041
11604
830809
765277
834900
187739
490845
68954
1367369
105823
929134
478565
1047914
429408
974182
363884
183659
281966
204137
912764
982396
765311
847220
1097107
732559
540046
597377
413068
1170842
1371545
445832
1265053
892316
1047962
785821
318872
327076
1342903
1224118
1154484
449955
609696
466356
830907
1248687
495033
1048013
36292
961994
363971
634318
351695
675290
1224129
1314249
916972
560617
1240566
761314
1297918
15856
777722
294384
441863
663048
957965
720396
1289755
7694
589336
228887
880154
519705
359971
1187384
36399
839228
1125920
1248800
388658
335410
1019447
347704
720457
613964
118342
93773
368213
347732
1097281
798302
1297997
1248883
867947
69226
454253
601701
286315
1359462
1101414
167546
1240683
1068690
97927
208523
1035910
3722
609922
1068703
806556
1375872
1085064
765586
237208
806544
802449
229035
884391
1052348
548519
859838
1216168
1105581
573134
1330899
708289
1294044
372436
552667
1371843
650961
294621
89818
495323
442072
429794
343776
1224437
683744
204533
962288
1007375
1249043
446213
1101590
1060637
696068
192268
143122
1322759
585502
679709
1019669
1154829
1031978
110375
208683
507694
376628
372535
614204
1134376
81724
1146671
1204013
499523
454479
597826
1216321
610141
1265482
700243
282462
1261388
1208178
941935
462694
331629
393071
376683
282475
950113
225138
1011578
24437
1093478
339837
167802
565106
786289
782192
1048450
335755
171923
180119
65430
302994
520089
1367989
1155003
1355711
221101
425911
294837
327607
53172
896952
491440
1089452
143293
561096
135110
659406
413635
176068
360386
970690
94167
790490
708572
1351619
1109959
1069000
131035
1212361
962517
958442
552943
1085433
1351678
331758
1327073
942068
622581
53247
544759
